a_arr = np.linspace(0.3, 0.6, 15)

nu_arr = []
for b in [0,0.1,0.5]:

[0.3        0.32142857 0.34285714 0.36428571 0.38571429 0.40714286
 0.42857143 0.45       0.47142857 0.49285714 0.51428571 0.53571429
 0.55714286 0.57857143 0.6       ]
[[0, 0, 0, 0, 0, 0, -1, -1, -1, -1, -1, -1, -1, -1, -1], [0, 0, 0, 0, 0, 0, -1, -1, -1, -1, -1, -1, -1, -1, 1], [0, 0, 0, 0, -1, -1, -1, -1, -1, 1, 1, 1, 1, 1, 1]]



L=4
a_arr = np.linspace(0.3, 0.6, 15)

nu_arr = []
for b in [0,0.1,0.5]:

[2.2        2.24444444 2.28888889 2.33333333 2.37777778 2.42222222
 2.46666667 2.51111111 2.55555556 2.6       ]



[[1, 1, 1, 1, 1, 0, 0, 0, 0, 0], [1, 1, 1, 1, 0, 0, 0, 0, 0, 0], [0, 0, 0, 0, 0, 0, 0, 0, 0, 0]]